510.778977 685.649984 842.742192
511.472431 686.042753 830.755147
511.514902 686.205843 818.744720
511.133256 686.223071 806.735723
510.585094 686.046465 794.734904
509.781869 685.606090 782.755539
508.779542 684.898196 770.803939
507.630653 683.946598 758.882234
506.371881 682.743017 746.994437
505.055269 681.350349 735.133308
503.736412 679.774300 723.295341
502.489572 678.014715 711.475433
501.350423 676.068302 699.673962
500.333649 673.953533 687.890267
499.426530 671.717418 676.120035
498.618841 669.420612 664.354262
497.914405 667.087419 652.589012
497.310362 664.774440 640.814220
496.767595 662.553681 629.018705
496.280842 660.424962 617.203838
495.813558 658.462281 605.359936
495.329856 656.652622 593.493129
494.786055 655.042316 581.599885
494.203495 653.561481 569.691471
493.558249 652.283329 557.762171
492.851292 651.175623 545.819371
492.079592 650.247455 533.865261
491.247521 649.473404 521.904227
490.348375 648.830804 509.940186
489.383510 648.284805 497.976437
488.368419 647.827912 486.013055
487.317836 647.417020 474.051088
486.231160 647.077436 462.090089
485.120669 646.786625 450.130013
483.993016 646.562868 438.170068
482.858768 646.358713 426.210404
481.721510 646.198316 414.250350
480.594649 646.031981 402.289394
479.482424 645.874314 390.326951
478.384389 645.723922 378.363104
477.303632 645.594321 366.397448
476.240759 645.510690 354.429792
475.210599 645.483150 342.459028
474.227162 645.518020 330.484365
473.306857 645.617167 318.505042
472.456640 645.781237 306.521238
471.675058 645.968686 294.533098
470.952287 646.180956 282.541680
470.280473 646.418082 270.547753
469.642776 646.668135 258.552226
469.030427 646.945011 246.555965
468.443016 647.234024 234.558742
467.869995 647.542693 222.561311
467.302298 647.842035 210.563392
466.736966 648.125740 198.564981
466.187090 648.395974 186.565543
465.661664 648.675695 174.565226
465.167454 648.949180 162.563444
464.713312 649.246545 150.560653
464.317874 649.567584 138.556395
463.993454 649.898255 126.550276
463.740680 650.245343 114.542904
463.566731 650.595223 102.534207
463.464386 650.949514 90.524804
463.412990 651.314074 78.515375
463.388971 651.684956 66.506052
463.382458 652.037454 54.496153
463.399479 652.378065 42.485922
463.441719 652.688518 30.474936
463.503542 652.970294 18.463328
463.587709 653.242417 6.451633
463.691530 653.517122 -5.559846
463.814430 653.824389 -17.570357
463.969591 654.115084 -29.580911
464.173829 654.415665 -41.590487
464.430532 654.745309 -53.598290
464.747249 655.104795 -65.603795
465.118109 655.524799 -77.605738
465.536660 656.052026 -89.601879
466.014253 656.697228 -101.590072
466.549523 657.432788 -113.570628
467.140016 658.255843 -125.542915
467.773699 659.119476 -137.510128
468.432991 660.060742 -149.470115
469.109157 661.039379 -161.426160
469.810455 662.021784 -173.380429
470.551999 663.036513 -185.329473
471.342209 664.051323 -197.275279
472.208235 664.972355 -209.223592
473.138206 665.804708 -221.173656
474.132159 666.614640 -233.120122
475.192446 667.330735 -245.066868
476.362124 667.310675 -257.024422
477.574715 668.054512 -268.952650
478.897023 668.792091 -280.871893
480.341695 669.525465 -292.777189
481.887034 670.392140 -304.658055
483.471283 671.809844 -316.482754
485.174984 672.512668 -328.355628
486.934252 673.354568 -340.211350
488.737384 674.226473 -352.058309
490.588411 675.143012 -363.894506
492.479180 676.068984 -375.723684
494.402060 676.983266 -387.548596
496.346899 677.881857 -399.371121
498.312972 678.784994 -411.189787
500.297730 679.682716 -423.005741
502.305491 680.605255 -434.815895
504.337792 681.563662 -446.618988
506.405965 682.563692 -458.412401
508.484980 683.577274 -470.202727
510.633457 684.667469 -481.973729
535.347823 712.664900 -485.137859
532.842995 712.230182 -473.616745
530.334712 711.766133 -461.944544
528.133124 710.743449 -450.190837
525.795040 710.071041 -438.419816
523.509382 709.242412 -426.643950
521.379421 708.380525 -414.866239
519.428657 707.360652 -403.051813
517.519657 706.460687 -391.218717
515.760594 705.512414 -379.376229
514.091647 704.524748 -367.527896
512.406741 703.655587 -355.663504
510.727751 702.950812 -343.778878
509.148080 702.226519 -331.879390
507.700478 701.438216 -319.962301
506.309230 700.655189 -308.055905
504.977798 699.777984 -296.145864
503.634097 698.838534 -284.241842
502.272678 697.860396 -272.339918
500.931581 696.813293 -260.441920
499.675818 695.746395 -248.531790
498.498048 694.751346 -236.605114
497.436092 693.691790 -224.666794
496.325113 692.767551 -212.725929
495.242835 691.789991 -200.784418
494.062835 691.256968 -188.881415
492.970354 690.884162 -176.944812
491.887025 690.563563 -164.989505
490.911443 690.381545 -153.000109
490.046861 690.219495 -141.018238
489.242046 690.050703 -129.022400
488.371915 689.927187 -117.033825
487.464568 689.807008 -105.044619
486.548592 689.800241 -93.073760
485.630156 689.801449 -81.107515
484.908524 689.583667 -69.143749
484.232516 689.257865 -57.171010
483.638143 688.840810 -45.179070
483.123020 688.211284 -33.182717
482.645671 687.653689 -21.187300
482.259748 687.113409 -9.181434
481.970736 686.574448 2.827264
481.679024 686.118079 14.828807
481.410484 685.709981 26.810160
481.259220 685.085976 38.790303
481.114803 684.695628 50.803400
480.973752 684.429841 62.831903
480.867470 684.216397 74.854187
480.777980 684.149330 86.890275
480.705337 684.140764 98.921418
480.653948 684.155916 110.945173
480.689369 684.069661 122.966007
480.891016 683.875167 134.979493
481.211053 683.547319 146.995221
481.505003 683.306281 159.023197
481.782841 682.996110 171.045793
481.882463 682.835040 183.076118
481.927826 682.605771 195.101596
481.996855 682.403686 207.128581
482.113823 682.252604 219.159607
482.288846 682.203997 231.193386
482.501043 682.225464 243.218680
482.752879 682.307921 255.244895
483.026793 682.516097 267.261883
483.448327 682.795771 279.271083
484.048858 683.166569 291.274301
484.942495 683.302416 303.273363
485.923693 683.585397 315.262959
486.937138 683.802375 327.249219
487.940487 683.952099 339.238872
488.908780 684.110723 351.223659
489.876617 684.362763 363.205531
490.871119 684.491969 375.190714
491.851929 684.469792 387.180264
492.828078 684.446568 399.167613
493.812653 684.365825 411.158141
494.826090 684.298940 423.147415
495.867298 684.398226 435.125960
496.931157 684.739107 447.097116
498.030819 684.931629 459.061252
499.158002 685.320039 471.008453
500.317939 685.863628 482.949959
501.520179 686.472741 494.886677
502.740738 687.297527 506.824091
504.031275 688.071605 518.754716
505.358560 688.838712 530.694417
506.663122 689.770742 542.611762
507.945496 690.672244 554.533966
509.174915 691.559892 566.458946
510.357085 692.486184 578.375887
511.544668 693.399892 590.291733
512.791251 694.329168 602.196787
514.030347 695.310772 614.100423
515.275789 696.304788 626.012199
516.412653 697.619398 637.902539
517.479663 698.961289 649.812408
518.503032 700.185319 661.730212
519.421186 701.256226 673.662652
520.135796 702.381157 685.607575
520.822272 703.604416 697.542707
521.404424 704.625119 709.496709
521.796605 705.596592 721.471514
522.098476 706.477071 733.444953
522.294454 707.317691 745.423728
522.407416 707.882088 757.416138
522.470297 708.354635 769.420775
522.404563 708.980241 781.376773
522.461189 709.502928 793.316479
522.760372 709.875304 805.266666
564.480477 712.445560 770.183303
563.773878 711.656236 758.140244
562.962819 710.501646 746.130100
562.134442 709.444814 734.112033
561.256409 708.315013 722.104258
560.340798 707.217174 710.096212
559.381140 706.185757 698.085698
558.354651 705.142008 686.081767
557.284017 704.085298 674.082838
556.180738 703.106175 662.080291
555.028299 702.178777 650.078251
553.838654 701.298133 638.076316
552.623332 700.463748 626.073660
551.370741 699.705050 614.069812
550.083926 699.028052 602.064671
548.784763 698.335460 590.061748
547.485725 697.632342 578.059426
546.196706 696.949040 566.054878
544.921250 696.244902 554.050114
543.656629 695.477601 542.048047
542.401669 694.698970 530.045696
541.160515 693.936846 518.040849
539.941813 693.176420 506.033606
538.763176 692.400327 494.023369
537.629893 691.615467 482.009344
536.533810 690.872984 469.989169
535.467770 690.177395 457.963504
534.420642 689.558487 445.932052
533.394052 689.044295 433.893971
532.411852 688.630032 421.848244
531.495780 688.265971 409.795683
530.667965 687.933866 397.735832
529.928850 687.634657 385.669332
529.244733 687.419899 373.597875
528.594803 687.248240 361.524012
527.974005 687.112699 349.447975
527.386798 687.042015 337.369604
526.825346 687.003833 325.289850
526.305847 686.951269 313.208262
525.811324 686.880187 301.125717
525.316361 686.811743 289.043201
524.798269 686.785901 276.961461
524.261188 686.786370 264.880533
523.703663 686.831122 252.800635
523.131830 686.915032 240.721577
522.565334 686.996918 228.642261
522.033234 687.060566 216.561292
521.566788 687.074667 204.477559
521.187024 687.014522 192.390954
520.905215 686.899515 180.302008
520.723456 686.748284 168.211580
520.635400 686.531224 156.121085
520.616855 686.274239 144.030974
520.643334 686.010485 131.941022
520.712457 685.756360 119.851032
520.810075 685.539070 107.760523
520.923693 685.383443 95.669234
521.043268 685.317226 83.577223
521.161286 685.352970 71.485094
521.286506 685.455198 59.393312
521.429688 685.598136 47.302151
521.555608 685.995273 35.268656
521.782661 686.165108 23.179140
522.068378 686.325176 11.090733
522.414970 686.506797 -0.995762
522.833958 686.716525 -13.079495
523.360880 686.726128 -25.113866
523.894716 686.999667 -37.191819
524.455520 687.394013 -49.264889
525.039559 687.887370 -61.333551
525.613248 688.586614 -73.362644
526.235320 689.298763 -85.418308
526.890665 690.139483 -97.463934
527.616561 691.012479 -109.503324
528.430365 691.853412 -121.539360
529.363434 692.499660 -133.553563
530.344625 693.152224 -145.588764
531.377934 693.683956 -157.625516
532.453602 694.075817 -169.663896
533.548810 694.396736 -181.702785
534.667166 694.637963 -193.741348
535.816169 694.852934 -205.777588
536.996571 695.083322 -217.810503
538.210925 695.347922 -229.839145
539.426409 695.728031 -241.864145
540.654211 696.238252 -253.883443
541.912109 696.823775 -265.896390
543.216415 697.496587 -277.899805
544.581612 698.282200 -289.889511
546.040817 699.125118 -301.864318
547.587130 700.036315 -313.823173
549.216658 700.996911 -325.767139
550.932275 701.967273 -337.698259
552.729422 702.929221 -349.618064
554.597445 703.876482 -361.528153
556.532493 704.820176 -373.427826
558.525527 705.754167 -385.318696
560.563611 706.686105 -397.202096
562.651647 707.587984 -409.079134
564.791867 708.454853 -420.949490
566.985562 709.267757 -432.813899
569.207804 710.037160 -444.675905
571.480338 710.744734 -456.532228
573.791991 711.436264 -468.381942
576.097664 712.122148 -480.233149
578.485803 712.803658 -492.068104
592.053979 679.186328 751.698725
591.369827 675.810470 740.199148
590.576321 672.447639 728.701810
589.707292 669.341178 717.136849
588.777712 666.318174 705.554638
587.745213 663.506403 693.928219
586.624201 660.850143 682.273186
585.430949 658.304951 670.600546
584.169225 655.895892 658.906234
582.850047 653.596800 647.196127
581.492267 651.410332 635.469121
580.102084 649.357033 623.722009
578.682070 647.437528 611.956081
577.233919 645.689241 600.167393
575.767382 644.097731 588.358374
574.301527 642.647026 576.530462
572.848413 641.299179 564.688862
571.399361 640.101232 552.830648
569.954864 639.026902 540.960045
568.528172 638.084672 529.076249
567.103641 637.336546 517.178395
565.685879 636.771484 505.269512
564.288968 636.338079 493.352533
562.934251 635.934646 481.429625
561.620129 635.586850 469.500424
560.363624 635.280653 457.563885
559.169164 634.964862 445.621227
558.021413 634.689143 433.673021
556.919612 634.495347 421.718856
555.870318 634.347699 409.759301
554.864969 634.200626 397.795967
553.889051 634.103621 385.829684
552.934182 634.040208 373.861481
551.983814 634.016934 361.892777
551.027517 634.044266 349.924556
550.061133 634.138167 337.957473
549.080423 634.261337 325.991821
548.108747 634.368496 314.025277
547.146644 634.452478 302.057774
546.184933 634.498738 290.090035
545.224544 634.520147 278.122119
544.279460 634.519534 266.152966
543.343083 634.503519 254.183139
542.417316 634.479901 242.212500
541.518575 634.484492 230.239782
540.663712 634.517151 218.263900
539.870138 634.559950 206.283850
539.129018 634.681668 194.301010
538.454212 634.893614 182.315482
537.859710 635.136337 170.326276
537.354757 635.377862 158.332930
536.931914 635.642739 146.336905
536.612244 635.873154 134.336987
536.395002 636.052439 122.333901
536.266189 636.189520 110.328967
536.199021 636.324693 98.323510
536.165654 636.474627 86.318086
536.162100 636.631646 74.312707
536.179849 636.792214 62.307394
536.218887 637.013315 50.303099
536.278414 637.287596 38.299984
536.377618 637.589291 26.297787
536.515737 637.935200 14.297171
536.682880 638.339423 2.298736
536.881942 638.767023 -9.698400
537.126741 639.200276 -21.694487
537.418315 639.649171 -33.688956
537.778439 640.095147 -45.681668
538.216084 640.530544 -57.672190
538.720348 640.972238 -69.659867
539.288357 641.422707 -81.644368
539.919066 641.874225 -93.625694
540.597389 642.334508 -105.604081
541.320170 642.807809 -117.579323
542.092101 643.297614 -129.550868
542.925488 643.796069 -141.517936
543.809591 644.301875 -153.481060
544.734294 644.825739 -165.440338
545.693419 645.367548 -177.396104
546.679301 645.904343 -189.349919
547.688581 646.441888 -201.301748
548.730058 647.000178 -213.249861
549.821766 647.580225 -225.192431
550.891887 648.373663 -237.124703
552.088875 648.991538 -249.055284
553.322352 649.644858 -260.980280
554.580041 650.325799 -272.901201
555.862791 651.011442 -284.819148
557.243654 651.520980 -296.734995
558.577899 652.241459 -308.645195
559.945602 652.971298 -320.551097
561.349274 653.700696 -332.452839
562.615949 654.748652 -344.346149
563.927266 655.794602 -356.234804
565.286323 656.840623 -368.118089
566.697555 657.887544 -379.995211
568.181891 658.928023 -391.863864
569.928095 659.634347 -403.721586
571.743772 660.355689 -415.567943
573.682710 661.009262 -427.398705
575.698618 661.681337 -439.215539
577.828778 662.301963 -451.015143
579.970749 663.000421 -462.808244
582.194983 663.672548 -474.587634
584.433356 664.358926 -486.363292
586.727339 665.095591 -498.124965
613.425741 713.582516 767.927737
611.965309 712.824104 755.955272
610.387426 712.061738 743.997384
608.824213 711.198726 732.044316
607.239733 710.258887 720.099877
605.646364 709.227843 708.164129
604.045567 708.169276 696.231749
602.433300 707.085639 684.303165
600.816518 705.983569 672.376880
599.197402 704.896561 660.449529
597.583103 703.842389 648.518578
595.989281 702.786388 636.585037
594.431558 701.726796 624.647048
592.898331 700.754088 612.698507
591.399066 699.885578 600.737632
589.935518 699.072930 588.768407
588.497018 698.318260 576.792362
587.067534 697.644103 564.810422
585.668559 696.983797 552.824117
584.303749 696.269377 540.836973
582.980940 695.495665 528.848796
581.701949 694.692512 516.857806
580.456508 693.903766 504.862326
579.244856 693.075827 492.866026
578.057993 692.240937 480.867729
576.889713 691.401353 468.867935
575.745098 690.519502 456.868898
574.639936 689.582499 444.870343
573.575369 688.664386 432.866676
572.550561 687.799993 420.855569
571.560749 687.007620 408.836565
570.605754 686.329566 396.807741
569.688314 685.776099 384.769630
568.798651 685.330475 372.724988
567.931473 684.994750 360.675098
567.096727 684.719752 348.621380
566.292284 684.535532 336.563872
565.511527 684.419152 324.503960
564.755077 684.417903 312.454826
564.042335 684.311633 300.390604
563.355508 684.240703 288.324616
562.726472 684.080611 276.256358
562.165780 683.828142 264.186347
561.686234 683.488766 252.114949
561.289996 682.976988 240.059126
560.975579 682.439227 227.989519
560.726761 681.860709 215.920223
560.542126 681.267388 203.850483
560.400131 680.671289 191.780303
560.284478 680.104865 179.708421
560.184991 679.599725 167.633677
560.099845 679.162292 155.556177
560.021616 678.770908 143.477057
559.957561 678.442906 131.396003
559.930056 678.211653 119.312550
559.942233 678.059732 107.227823
559.999211 677.988822 95.142458
560.114378 677.972324 83.057315
560.282629 678.080283 70.973262
560.487606 678.308995 58.891444
560.744178 678.622395 46.812604
561.023231 679.092133 34.739386
561.301527 679.740996 22.674365
561.571631 680.532197 10.618064
561.812228 681.716148 -1.407126
562.064545 682.679413 -13.450268
562.332136 683.925724 -25.467184
562.646657 684.926260 -37.500708
563.018644 685.820162 -49.541303
563.474884 686.327495 -61.589633
563.969895 687.132054 -73.635693
564.550362 687.525964 -85.701045
565.245224 688.102708 -97.752877
566.048082 688.587106 -109.802095
566.946418 688.965265 -121.848394
567.920126 689.256616 -133.891277
568.933407 689.557907 -145.930680
569.966924 689.906529 -157.967086
571.031561 690.266406 -170.000449
572.146613 690.647293 -182.028596
573.310383 691.066165 -194.050863
574.486867 691.604502 -206.067130
575.663919 692.261135 -218.077458
576.867800 692.981184 -230.063367
578.030585 693.939921 -242.054730
579.215129 695.026341 -254.033088
580.468490 696.131682 -266.002719
581.753071 697.313510 -277.945485
583.148892 698.397288 -289.900027
584.621558 699.419538 -301.852059
586.167879 700.379457 -313.799957
587.788735 701.263775 -325.743809
589.494791 702.083711 -337.680386
591.283336 702.859404 -349.607842
593.158082 703.644266 -361.521453
595.094569 704.455806 -373.423389
597.094720 705.292043 -385.313078
599.159318 706.139675 -397.190938
601.291218 707.004414 -409.055671
603.478360 707.846517 -420.911981
605.703735 708.692553 -432.760895
607.952687 709.562711 -444.603609
610.224902 710.477304 -456.438530
612.495178 711.348203 -468.277119
614.757297 712.288414 -480.111966
617.028249 713.053168 -491.957010
646.180939 710.610182 716.637442
647.593568 705.044190 706.082511
647.991444 701.067513 694.709224
647.809306 697.880262 683.095857
646.997525 695.371012 671.328616
645.969734 693.081596 659.527678
644.661342 691.023858 647.705132
643.238137 689.089433 635.875895
641.654464 687.418339 624.026658
640.174053 685.647222 612.178539
638.722274 683.880789 600.325643
637.251248 682.171909 588.467569
635.871421 680.436831 576.603845
634.645359 678.568179 564.741599
633.475339 676.789595 552.859598
632.363130 675.108985 540.957654
631.335827 673.531720 529.034030
630.320385 672.089456 517.092273
629.263628 670.825427 505.133982
628.158829 669.756342 493.160984
627.001658 668.926404 481.174080
625.796000 668.308481 469.179094
624.540279 667.911145 457.180011
623.271874 667.674199 445.177849
622.048503 667.503432 433.169787
620.845550 667.405321 421.158851
619.629813 667.428013 409.148866
618.447047 667.507355 397.135764
617.325389 667.619206 385.117061
616.250519 667.787924 373.094746
615.245488 667.953590 361.066345
614.313917 668.090437 349.031752
613.500545 668.129818 336.988125
612.800113 668.023086 324.938507
612.211486 667.730405 312.885019
611.702615 667.317854 300.831377
611.301731 666.729804 288.781058
610.955605 666.020839 276.735432
610.635421 665.286516 264.690581
610.334412 664.554989 252.645067
610.071160 663.816964 240.599088
609.785221 663.194758 228.547068
609.528032 662.613990 216.492479
609.207670 662.218770 204.431937
608.810088 662.019225 192.368934
608.336831 662.022391 180.306886
607.833567 662.184504 168.247173
607.289639 662.522366 156.192764
606.847787 662.814904 144.133012
606.513490 663.058808 132.068755
606.292164 663.223652 120.000592
606.176426 663.269008 107.930006
606.165272 663.173957 95.859002
606.219631 662.995695 83.789067
606.367945 662.741437 71.721319
606.614394 662.410213 59.656997
606.940935 662.047330 47.595447
607.325114 661.727675 35.534391
607.754377 661.467006 23.473412
608.185030 661.330962 11.411017
608.597419 661.345718 -0.653362
608.974990 661.534956 -12.686996
609.387743 661.739396 -24.749324
609.774461 662.146854 -36.807303
610.157853 662.737496 -48.857997
610.577697 663.301527 -60.907306
611.020147 663.992547 -72.950055
611.456269 664.814753 -84.985065
611.942576 665.675053 -97.015985
612.480497 666.543355 -109.044120
613.050931 667.468835 -121.060325
613.709686 668.362489 -133.080573
614.447853 669.251042 -145.096567
615.282251 670.107070 -157.108546
616.224359 670.903687 -169.116635
617.293309 671.577352 -181.116561
618.429019 672.218536 -193.117277
619.637565 672.800802 -205.113879
620.907557 673.341586 -217.106130
622.228553 673.870325 -229.093416
623.601076 674.397513 -241.074977
625.025587 674.930590 -253.050208
626.489461 675.499623 -265.019028
627.994376 676.098472 -276.981313
629.539583 676.723487 -288.937122
631.113821 677.410838 -300.885681
632.723357 678.158947 -312.825905
634.378937 678.947714 -324.757222
636.080183 679.783654 -336.678890
637.841790 680.659650 -348.588863
639.651693 681.546613 -360.490706
641.530917 682.431490 -372.381898
643.491403 683.301344 -384.260968
645.518955 684.155735 -396.130057
647.632919 684.997453 -407.985098
649.808745 685.829781 -419.829614
652.042764 686.644761 -431.664500
654.329385 687.432923 -443.491158
656.649364 688.207474 -455.312233
658.997783 688.965192 -467.128783
661.418678 689.634465 -478.935964
663.836124 690.314068 -490.743341
666.393992 690.792235 -502.529486
628.271612 665.036820 695.794847
626.909961 662.564405 684.054386
625.439207 660.299102 672.286589
623.821417 658.267977 660.493597
622.193777 656.308362 648.689893
620.555080 654.431403 636.874280
618.943908 652.597850 625.048064
617.382280 650.832907 613.204786
615.864952 649.129777 601.346705
614.365358 647.492603 589.477120
612.869019 646.024860 577.584985
611.386124 644.703367 565.673984
609.961113 643.416401 553.752141
608.607576 642.134479 541.821448
607.318675 640.935598 529.874964
606.066311 639.811285 517.917342
604.835721 638.752598 505.951553
603.606998 637.837378 493.973814
602.360687 637.110976 481.984863
601.092533 636.500868 469.991671
599.826527 635.957756 457.995021
598.570984 635.486722 445.994229
597.319530 635.100641 433.989968
596.074583 634.748613 421.983985
594.848795 634.431820 409.975052
593.640799 634.171936 397.962944
592.462832 633.942103 385.947244
591.333077 633.696461 373.927233
590.263196 633.452478 361.901713
589.259510 633.220257 349.870250
588.321135 633.016827 337.833001
587.448055 632.850355 325.790273
586.644045 632.694204 313.742597
585.900803 632.551991 301.690843
585.199015 632.451396 289.636181
584.528463 632.382731 277.579517
583.874304 632.324394 265.521897
583.226304 632.293590 253.463848
582.558627 632.333096 241.406895
581.873790 632.411681 229.351094
581.185683 632.501381 217.295562
580.496769 632.650090 205.240658
579.801239 632.870867 193.187236
579.126972 633.128679 181.133341
578.488545 633.436461 169.078665
577.877013 633.819649 157.024760
577.252861 634.345218 144.993715
576.742459 634.810592 132.938002
576.322131 635.254982 120.878015
576.005730 635.648246 108.813083
575.805859 635.981334 96.743863
575.762186 636.164491 84.690159
575.750938 636.394885 72.616896
575.777523 636.699110 60.545293
575.830974 637.041624 48.474784
575.891903 637.448223 36.406307
575.967672 637.887572 24.339049
576.064713 638.345945 12.272650
576.184604 638.784408 0.205715
576.302438 639.280456 -11.859007
576.452746 639.773330 -23.923333
576.648525 640.319256 -35.984659
576.906570 640.894894 -48.043295
577.257089 641.439569 -60.100761
577.701210 641.966683 -72.156233
578.245161 642.455252 -84.209168
578.885799 642.887718 -96.259525
579.607685 643.305100 -108.305880
580.395045 643.745110 -120.347390
581.250830 644.177799 -132.384747
582.137871 644.661551 -144.417896
583.047511 645.194104 -156.447294
583.980926 645.775065 -168.472628
584.941635 646.390143 -180.494116
585.943164 647.017180 -192.511654
586.990909 647.647627 -204.525072
587.992091 648.473881 -216.530496
589.126618 649.127610 -228.534593
590.315280 649.770299 -240.534237
591.554114 650.422351 -252.528302
592.859832 651.076082 -264.515176
594.327911 651.521258 -276.492826
595.773233 652.149047 -288.465022
597.302619 652.764047 -300.427467
598.919190 653.376085 -312.378594
600.613240 654.010458 -324.317820
602.388177 654.669618 -336.243949
604.251433 655.334523 -348.156281
606.206163 656.005075 -360.053624
608.243698 656.693795 -371.936021
610.371319 657.385782 -383.802420
612.596393 658.063563 -395.651764
614.904755 658.738734 -407.485324
617.276395 659.414387 -419.306336
619.690522 660.089859 -431.118754
622.138459 660.730706 -442.926141
624.634536 661.352401 -454.724469
627.160394 661.935750 -466.518415
629.694791 662.479970 -478.312401
632.287788 662.977614 -490.095621
634.827410 663.387236 -501.893834
535.822584 653.439391 676.069097
535.229154 650.084345 664.522809
534.437733 647.646664 652.755542
533.604607 645.294714 640.972136
532.781540 643.087915 629.160152
531.984556 641.055679 617.315089
531.225089 639.253368 605.430670
530.501816 637.702518 593.508429
529.802573 636.344394 581.561271
529.078616 635.264810 569.586981
528.303320 634.445912 557.595172
527.491741 633.680379 545.602228
526.680026 632.952625 533.606966
525.845020 632.313949 521.608237
524.966742 631.798567 509.606647
524.044043 631.356349 497.605493
523.077366 631.004054 485.604824
522.047136 630.738621 473.607189
520.975022 630.520031 461.612267
519.893490 630.334847 449.617628
518.825108 630.197037 437.621170
517.812200 630.099535 425.619503
516.870103 630.046514 413.611796
515.994454 629.992221 401.599066
515.165477 629.976669 389.582911
514.373316 629.986979 377.564264
513.595266 629.998354 365.544696
512.830343 629.965912 353.524326
512.057912 629.953574 341.504397
511.268183 629.943398 329.485593
510.438519 629.936571 317.469478
509.561091 629.930484 305.456756
508.616781 629.961869 293.449144
507.629970 630.021371 281.445055
506.620305 630.059171 269.442778
505.610516 630.117491 257.440594
504.608437 630.213650 245.438012
503.629492 630.367953 233.434127
502.687297 630.549830 221.427711
501.798150 630.796555 209.418397
500.977760 631.085016 197.405116
500.250648 631.389756 185.386216
499.624977 631.707531 173.362369
499.111025 632.042652 161.333615
498.683820 632.386303 149.301377
498.356647 632.718007 137.265662
498.125272 633.051820 125.227789
497.991841 633.345370 113.187395
497.927881 633.609473 101.145739
497.910313 633.857963 89.103588
497.919572 634.091929 77.061135
497.948805 634.305742 65.018340
497.995010 634.532877 52.975842
498.058845 634.784796 40.933923
498.170119 635.024312 28.892094
498.334183 635.257634 16.850742
498.539909 635.512338 4.810465
498.788569 635.782341 -7.228665
499.098451 636.052053 -19.266381
499.454986 636.347382 -31.302205
499.850474 636.684820 -43.335702
500.286500 637.064189 -55.366550
500.767632 637.477299 -67.394565
501.294228 637.931295 -79.419193
501.852909 638.450595 -91.439737
502.438658 639.027556 -103.456368
503.051702 639.638796 -115.469945
503.689745 640.279031 -127.480712
504.374856 640.894250 -139.482389
505.106512 641.498642 -151.480724
505.887933 642.137981 -163.483060
506.755694 642.752725 -175.480746
507.701623 643.348201 -187.473497
508.660069 644.039068 -199.442597
509.697033 644.618138 -211.428626
510.771292 645.165313 -223.407944
511.878726 645.694278 -235.381567
513.001183 646.280290 -247.359551
514.171030 646.873641 -259.332637
515.392494 647.474318 -271.300201
516.609544 648.190026 -283.248707
517.887256 648.845195 -295.207536
519.181124 649.537120 -307.162558
520.503859 650.251855 -319.113079
521.872620 650.992849 -331.056818
523.314273 651.746992 -342.991155
524.846115 652.508109 -354.913807
526.465886 653.291966 -366.823358
528.162458 654.107044 -378.720114
529.930745 654.960030 -390.603761
531.756321 655.840794 -402.476715
533.632483 656.750563 -414.339592
535.557649 657.676311 -426.193378
537.529057 658.607192 -438.039158
539.526691 659.551423 -449.879474
541.520948 660.595766 -461.711950
543.542214 661.568444 -473.545953
545.545083 662.625874 -485.375764
547.591617 663.413413 -497.214297
